34	1	1	0	-1.3504301309586	0.22467668354511	0.49970570206642	-2.6105170249939	0.5406191945076	-0.84762078523636	10	134	
34	1	1	0.054	-1.3505965471268	0.22456547617912	0.49958911538124	-2.670077085495	0.48848259449005	-0.81452721357346	10	134	
34	1	1	0.054	-1.3487751483917	0.22592233121395	0.4993631541729	-2.7032785415649	0.45799323916435	-0.79760003089905	10	134	
34	1	1	0.046	-1.2736399173737	0.28274929523468	0.49469015002251	-2.6483068466187	0.51029890775681	-0.82708263397217	10	133	
34	1	1	0.055	-1.2529098987579	0.29856702685356	0.49400654435158	-2.6382870674133	0.51928514242172	-0.83251148462296	15	132	
34	1	1	0.056	-1.1305602788925	0.39278930425644	0.49226149916649	-2.558910369873	0.58355402946472	-0.87672287225723	73	130	
34	1	1	0.05	-1.0326135158539	0.46928426623344	0.49270582199097	-2.4868586063385	0.63430213928223	-0.91907578706741	130	128	
34	1	1	0.047	-1.0114771127701	0.485919713974	0.49286541342735	-2.4739346504211	0.64300525188446	-0.92697632312775	142	127	
34	1	1	0.05	-0.93930530548096	0.54391431808472	0.49229490756989	-2.4533574581146	0.65595126152039	-0.93727779388428	182	127	
34	1	1	0.047	-0.92548710107803	0.55608147382736	0.49119478464127	-2.4761664867401	0.64143091440201	-0.92079544067383	182	128	
34	1	1	0.052	-0.93036133050919	0.55339097976685	0.49023234844208	-2.5193183422089	0.61373567581177	-0.89303642511368	166	130	
34	1	1	0.059	-0.94042664766312	0.5459930896759	0.49005633592606	-2.5515406131744	0.59153032302856	-0.8730006814003	151	130	
34	1	1	0.049	-0.94649678468704	0.5413646697998	0.49015855789185	-2.5669283866882	0.58106702566147	-0.86403697729111	143	131	
34	1	1	0.049	-0.96500241756439	0.52684527635574	0.490847915411	-2.6024954319	0.55589085817337	-0.84341150522232	123	131	
34	1	1	0.048	-0.97035765647888	0.52251440286636	0.49122574925423	-2.6100537776947	0.55089169740677	-0.83928138017654	118	131	
34	1	1	0.05	-0.97497630119324	0.51871204376221	0.49156293272972	-2.6154928207397	0.5475891828537	-0.83638435602188	115	131	
34	1	1	0.054	-0.97872740030289	0.51556044816971	0.49196976423264	-2.6184151172638	0.54608619213104	-0.83472865819931	112	131	
34	1	1	0.05	-0.98154801130295	0.51312136650085	0.49231204390526	-2.6192381381989	0.54617583751678	-0.83415544033051	111	131	
34	1	1	0.054	-0.98341113328934	0.51142698526382	0.4927097260952	-2.618175983429	0.54759430885315	-0.83447647094727	111	132	
34	1	1	0.049	-0.98434084653854	0.51047027111053	0.49303650856018	-2.6150403022766	0.55012565851212	-0.8355308175087	112	132	
34	1	1	0.046	-0.98362600803375	0.51053440570831	0.4937352836132	-2.6046619415283	0.55818223953247	-0.83977878093719	117	132	
34	1	1	0.049	-0.98217225074768	0.5113617181778	0.49411359429359	-2.5983200073242	0.56357741355896	-0.84296751022339	121	132	
34	1	1	0.055	-0.98016363382339	0.51257586479187	0.4944314956665	-2.5913147926331	0.5695925951004	-0.84668308496475	124	132	
34	1	1	0.049	-0.9777706861496	0.51405107975006	0.49481523036957	-2.584395647049	0.57540678977966	-0.85034114122391	129	132	
34	1	1	0.055	-0.9751541018486	0.51566678285599	0.49513930082321	-2.5776290893555	0.58099353313446	-0.85390824079514	133	131	
34	1	1	0.049	-0.97247195243835	0.51729530096054	0.4955261349678	-2.5713844299316	0.58656424283981	-0.8575451374054	137	131	
34	1	1	0.054	-0.96988213062286	0.51882684230804	0.49584728479385	-2.5661153793335	0.59162575006485	-0.86085796356201	140	131	
34	1	1	0.049	-0.96754711866379	0.52016854286194	0.49622324109077	-2.5618650913239	0.59541147947311	-0.86323684453964	143	131	
34	1	1	0.054	-0.96558231115341	0.52124494314194	0.49652493000031	-2.558779001236	0.59798216819763	-0.86469155550003	146	131	
34	1	1	0.049	-0.96407079696655	0.52199220657349	0.49687412381172	-2.5565047264099	0.59977328777313	-0.86555033922195	147	131	
34	1	1	0.054	-0.9630668759346	0.52235877513885	0.49714386463165	-2.5555939674377	0.60067647695541	-0.86570405960083	149	132	
34	1	1	0.05	-0.96260851621628	0.52231878042221	0.49745798110962	-2.5554580688477	0.60052138566971	-0.86503523588181	149	132	
34	1	1	0.042	-0.96436369419098	0.51964551210403	0.49817445874214	-2.5612771511078	0.5965136885643	-0.86023241281509	148	132	
34	1	1	0.06	-0.96585315465927	0.51796251535416	0.49842718243599	-2.5645883083344	0.59471088647842	-0.85828477144241	146	132	
34	1	1	0.054	-0.97989499568939	0.50342720746994	0.49957230687141	-2.5870342254639	0.58081436157227	-0.84488844871521	135	132	
34	1	1	0.041	-0.98475360870361	0.49839109182358	0.49989339709282	-2.5922832489014	0.57752805948257	-0.84167987108231	132	133	
34	1	1	0.057	-0.99055933952332	0.49200224876404	0.50027757883072	-2.5943531990051	0.57532078027725	-0.83899456262589	129	133	
34	1	1	0.048	-0.99196004867554	0.49022936820984	0.50042921304703	-2.5945127010345	0.57551383972168	-0.83882147073746	129	134	
34	1	1	0.042	-0.99308288097382	0.48864045739174	0.5005099773407	-2.5940582752228	0.575843334198	-0.83875495195389	129	134	
34	1	1	0.046	-0.99450862407684	0.48597142100334	0.50071102380753	-2.5916471481323	0.57744187116623	-0.83935409784317	130	134	
34	1	1	0.055	-0.99484008550644	0.48483860492706	0.50083291530609	-2.5901708602905	0.57889765501022	-0.84016817808151	131	134	
34	1	1	0.047	-0.99491268396378	0.48285534977913	0.50099790096283	-2.5863237380981	0.58269798755646	-0.84251594543457	133	134	
34	1	1	0.05	-0.99475926160812	0.48194321990013	0.50104236602783	-2.5844135284424	0.58449417352676	-0.84364581108093	134	134	
34	1	1	0.05	-0.99455082416534	0.48103937506676	0.50114506483078	-2.582683801651	0.58603310585022	-0.84460598230362	135	134	
34	1	1	0.052	-0.99433141946793	0.48011311888695	0.50118154287338	-2.5812227725983	0.58737593889236	-0.84543591737747	136	134	
34	1	1	0.048	-0.99414169788361	0.47913777828217	0.50127649307251	-2.5799562931061	0.58850198984146	-0.84612208604813	137	134	
34	1	1	0.047	-0.99397575855255	0.47695228457451	0.50139218568802	-2.5779728889465	0.59033834934235	-0.8472273349762	139	134	
34	1	1	0.07	-0.99464052915573	0.47283384203911	0.50150543451309	-2.5769124031067	0.59155994653702	-0.84783011674881	140	134	
34	1	1	0.046	-0.99516755342484	0.47119849920273	0.50157761573792	-2.577091217041	0.59151488542557	-0.84771436452866	140	134	
34	1	1	0.048	-0.9966881275177	0.46753749251366	0.50164973735809	-2.5784039497375	0.59071850776672	-0.84698277711868	140	134	
34	1	1	0.046	-0.99765986204147	0.46553230285645	0.50165057182312	-2.5792000293732	0.59021937847137	-0.84656018018723	139	134	
34	1	1	0.051	-0.99875617027283	0.46342587471008	0.50171154737473	-2.580305814743	0.58943903446198	-0.84594023227692	139	134	
34	1	1	0.044	-0.99995511770248	0.46123600006104	0.50170797109604	-2.5815279483795	0.58859366178513	-0.84528172016144	138	134	
34	1	1	0.057	-1.0012320280075	0.45898407697678	0.50176531076431	-2.582736492157	0.58770835399628	-0.8446107506752	137	134	
34	1	1	0.046	-1.0025637149811	0.456688195467	0.50175845623016	-2.5841865539551	0.58667677640915	-0.84384220838547	137	134	
34	1	1	0.055	-1.0039167404175	0.45437699556351	0.50181275606155	-2.58527135849	0.58584690093994	-0.8432389497757	136	134	
34	1	1	0.046	-1.0052649974823	0.45207011699677	0.50180321931839	-2.5861177444458	0.58524614572525	-0.84282034635544	136	134	
34	1	1	0.047	-1.007875084877	0.44753241539001	0.5018424987793	-2.5871431827545	0.58444863557816	-0.84232240915298	135	135	
34	1	1	0.044	-1.0091172456741	0.4453264772892	0.50189155340195	-2.5871598720551	0.58385330438614	-0.84194248914719	134	135	
34	1	1	0.049	-1.0114003419876	0.44103437662125	0.50192326307297	-2.5871179103851	0.58274263143539	-0.84127342700958	134	135	
34	1	1	0.046	-1.0133000612259	0.43686434626579	0.50195038318634	-2.5868201255798	0.58321869373322	-0.84182500839233	134	135	
34	1	1	0.059	-1.0141115188599	0.43482634425163	0.50193113088608	-2.586483001709	0.58365720510483	-0.84226387739182	134	135	
34	1	1	0.044	-1.0155245065689	0.43084269762039	0.50195235013962	-2.5850481987	0.58431857824326	-0.84300369024277	135	136	
34	1	1	0.046	-1.0167320966721	0.42690244317055	0.50197094678879	-2.5830013751984	0.58481460809708	-0.8436536192894	136	136	
34	1	1	0.051	-1.0178005695343	0.42282658815384	0.50198704004288	-2.5818305015564	0.58593863248825	-0.84480285644531	136	136	
34	1	1	0.049	-1.0183252096176	0.42071390151978	0.50202536582947	-2.5816040039063	0.58624577522278	-0.84519809484482	137	136	
34	1	1	0.048	-1.0194212198257	0.41633415222168	0.50203818082809	-2.5808217525482	0.58691835403442	-0.84604614973068	137	136	
34	1	1	0.053	-1.0200190544128	0.41405802965164	0.50201267004013	-2.5806968212128	0.58701944351196	-0.84630113840103	137	136	
34	1	1	0.047	-1.0206625461578	0.41172063350677	0.50204908847809	-2.5807862281799	0.58689540624619	-0.84639269113541	138	136	
34	1	1	0.054	-1.0213471651077	0.40932750701904	0.50202262401581	-2.5806248188019	0.58698856830597	-0.84664911031723	138	136	
34	1	1	0.046	-1.0220766067505	0.40687963366508	0.50205820798874	-2.5802686214447	0.58718276023865	-0.84698975086212	138	136	
34	1	1	0.046	-1.02370429039	0.40180066227913	0.50206571817398	-2.5802812576294	0.58703714609146	-0.84727591276169	138	136	
34	1	1	0.049	-1.0246062278748	0.39917108416557	0.50203776359558	-2.5805180072784	0.58679950237274	-0.84729754924774	138	136	
34	1	1	0.048	-1.0265647172928	0.39375868439674	0.50204336643219	-2.5809514522552	0.58628755807877	-0.84732335805893	138	136	
34	1	1	0.053	-1.0276106595993	0.3909874856472	0.50207722187042	-2.5810918807983	0.58605515956879	-0.84735804796219	137	136	
34	1	1	0.047	-1.02869784832	0.38817596435547	0.50204825401306	-2.5816094875336	0.58559286594391	-0.84722077846527	137	136	
34	1	1	0.046	-1.0309501886368	0.3824762403965	0.50205260515213	-2.5826075077057	0.58461105823517	-0.84690696001053	136	136	
34	1	1	0.055	-1.0320895910263	0.37960964441299	0.50208586454391	-2.583066701889	0.58413410186768	-0.84676545858383	136	136	
34	1	1	0.046	-1.0332244634628	0.37674316763878	0.50205653905869	-2.5835835933685	0.58364552259445	-0.84661245346069	136	136	
34	1	1	0.049	-1.034339427948	0.37389072775841	0.50208961963654	-2.5837228298187	0.58338850736618	-0.84663558006287	136	136	
34	1	1	0.051	-1.0354266166687	0.37105777859688	0.50206005573273	-2.5836033821106	0.58337265253067	-0.84683847427368	136	136	
34	1	1	0.049	-1.03648686409	0.36824548244476	0.50209283828735	-2.5833215713501	0.58342617750168	-0.84709531068802	136	136	
34	1	1	0.052	-1.0375237464905	0.3654502928257	0.50206303596497	-2.5830388069153	0.58352500200272	-0.84738385677338	136	136	
34	1	1	0.048	-1.0385427474976	0.36266928911209	0.50209563970566	-2.582750082016	0.58357751369476	-0.8476385474205	136	136	
34	1	1	0.054	-1.0395480394363	0.35989826917648	0.50206577777863	-2.582524061203	0.58363074064255	-0.8478918671608	136	136	
34	1	1	0.046	-1.0405440330505	0.35713514685631	0.50209820270538	-2.5823013782501	0.58363431692123	-0.8481080532074	136	136	
34	1	1	0.055	-1.0415329933167	0.35437697172165	0.50206816196442	-2.5821297168732	0.58364897966385	-0.84832948446274	136	136	
34	1	1	0.045	-1.0425179004669	0.35162264108658	0.50210040807724	-2.5819475650787	0.58362483978271	-0.84852111339569	136	136	
34	1	1	0.05	-1.0435003042221	0.34887000918388	0.50207024812698	-2.5818059444427	0.5836187005043	-0.84872364997864	136	136	
34	1	1	0.051	-1.0444829463959	0.34611842036247	0.50210249423981	-2.5816476345062	0.58357840776443	-0.84889870882034	136	136	
34	1	1	0.049	-1.0454664230347	0.343366086483	0.50207215547562	-2.5815260410309	0.58355981111526	-0.84908699989319	137	136	
34	1	1	0.052	-1.0464487075806	0.34061607718468	0.50210416316986	-2.5809741020203	0.583804666996	-0.84947144985199	137	137	
34	1	1	0.048	-1.0474405288696	0.33786600828171	0.50207376480103	-2.5799722671509	0.58395111560822	-0.84978073835373	137	137	
34	1	1	0.053	-1.0484538078308	0.33509463071823	0.50210577249527	-2.5791175365448	0.58372449874878	-0.8498073220253	137	137	
34	1	1	0.047	-1.0494829416275	0.33227536082268	0.50207513570786	-2.5788342952728	0.58354794979095	-0.84986531734467	137	137	
34	1	1	0.042	-1.0558924674988	0.31429919600487	0.502077460289	-2.5792045593262	0.58343452215195	-0.8508483171463	138	137	
34	1	1	0.052	-1.0605309009552	0.30155223608017	0.50207829475403	-2.5785067081451	0.58374989032745	-0.85172271728516	138	138	
34	1	1	0.05	-1.0643742084503	0.29153981804848	0.50210970640182	-2.5779886245728	0.58237415552139	-0.85111659765244	138	138	
34	1	1	0.049	-1.0669733285904	0.28457659482956	0.50210964679718	-2.5783541202545	0.58235198259354	-0.85136222839355	137	138	
34	1	1	0.054	-1.0734152793884	0.26647287607193	0.50207841396332	-2.5800356864929	0.58146941661835	-0.85126769542694	137	138	
34	1	1	0.045	-1.074653506279	0.26281026005745	0.50210970640182	-2.5799038410187	0.58154779672623	-0.85142827033997	137	138	
34	1	1	0.052	-1.0770857334137	0.25545170903206	0.5021099448204	-2.5799973011017	0.58199387788773	-0.85195052623749	137	137	
34	1	1	0.055	-1.0782898664474	0.25175783038139	0.50207889080048	-2.5803780555725	0.58248180150986	-0.85240304470062	137	137	
34	1	1	0.05	-1.0807501077652	0.24441768229008	0.50207912921906	-2.5803625583649	0.58264690637589	-0.85268479585648	137	137	
34	1	1	0.049	-1.0833051204681	0.23715610802174	0.50207936763763	-2.5799796581268	0.58241027593613	-0.85264503955841	137	137	
34	1	1	0.054	-1.0846120119095	0.23354285955429	0.50211066007614	-2.5798335075378	0.58232200145721	-0.8526411652565	137	137	
34	1	1	0.049	-1.0913853645325	0.21553033590317	0.50208002328873	-2.5794906616211	0.58216691017151	-0.85276222229004	137	137	
34	1	1	0.054	-1.0956300497055	0.2047214359045	0.50211161375046	-2.5786402225494	0.58140915632248	-0.8522812128067	137	138	
34	1	1	0.046	-1.0970534086227	0.20108814537525	0.50208044052124	-2.578458070755	0.58124983310699	-0.85218143463135	137	138	
34	1	1	0.046	-1.0984649658203	0.19741904735565	0.50211173295975	-2.578476190567	0.58127862215042	-0.85222047567368	137	138	
34	1	1	0.052	-1.0998647212982	0.19371384382248	0.50208050012589	-2.5786111354828	0.58141839504242	-0.85233771800995	137	138	
34	1	1	0.046	-1.102646112442	0.18621516227722	0.50208055973053	-2.5787944793701	0.58160948753357	-0.85249429941177	137	138	
34	1	1	0.051	-1.1040341854095	0.18242932856083	0.50211179256439	-2.5788247585297	0.5816445350647	-0.85252165794373	137	138	
34	1	1	0.046	-1.1054227352142	0.17862156033516	0.50208061933517	-2.5788707733154	0.58169496059418	-0.85255575180054	138	138	
34	1	1	0.046	-1.1068091392517	0.17479698359966	0.50211191177368	-2.5784757137299	0.58200973272324	-0.8527866601944	138	139	
34	1	1	0.052	-1.1082042455673	0.17095509171486	0.50208073854446	-2.577624797821	0.58222949504852	-0.85294407606125	138	139	
34	1	1	0.048	-1.109619140625	0.16707630455494	0.50211209058762	-2.5769145488739	0.58207923173904	-0.85281991958618	138	139	
34	1	1	0.046	-1.1153961420059	0.15090249478817	0.50211161375046	-2.5776224136353	0.58203130960464	-0.85269320011139	138	139	
34	1	1	0.048	-1.1183468103409	0.14247605204582	0.50211131572723	-2.5780510902405	0.58204728364944	-0.85264080762863	138	139	
34	1	1	0.053	-1.1274472475052	0.11632372438908	0.5021111369133	-2.5794486999512	0.58279454708099	-0.85295295715332	138	138	
34	1	1	0.049	-1.1290166378021	0.11188723146915	0.50207990407944	-2.579705953598	0.58298426866531	-0.85304617881775	138	138	
34	1	1	0.047	-1.135625243187	0.094205275177956	0.50208002328873	-2.5795383453369	0.5826660990715	-0.85259187221527	138	138	
34	1	1	0.048	-1.1373442411423	0.089786350727081	0.50211131572723	-2.5795204639435	0.58262115716934	-0.85250133275986	138	138	
34	1	1	0.046	-1.1408497095108	0.080931976437569	0.50211137533188	-2.579948425293	0.58229845762253	-0.85214024782181	137	138	
34	1	1	0.049	-1.1461837291718	0.067661643028259	0.50208032131195	-2.580929517746	0.58160036802292	-0.85142362117767	137	139	
34	1	1	0.051	-1.147945523262	0.063273228704929	0.5021116733551	-2.5804975032806	0.58139133453369	-0.85120236873627	137	139	
34	1	1	0.049	-1.153101682663	0.050088409334421	0.50208055973053	-2.5795469284058	0.58123928308487	-0.85089236497879	137	139	
34	1	1	0.049	-1.1596339941025	0.03218250349164	0.50208061933517	-2.5797462463379	0.58194893598557	-0.85116130113602	138	139	
34	1	1	0.042	-1.1677309274673	0.0092877587303519	0.50211203098297	-2.5786037445068	0.58324640989304	-0.85180824995041	138	139	
34	1	1	0.056	-1.1694205999374	0.0045990124344826	0.50208073854446	-2.5788135528564	0.58319878578186	-0.85170477628708	138	139	
34	1	1	0.053	-1.172877073288	-0.0048729861155152	0.50208067893982	-2.578864812851	0.58282381296158	-0.85128957033157	138	140	
34	1	1	0.047	-1.1746361255646	-0.0096537061035633	0.50211179256439	-2.5785629749298	0.58238637447357	-0.85089653730392	138	140	
34	1	1	0.055	-1.1763962507248	-0.014482420869172	0.50208061933517	-2.578521490097	0.58222806453705	-0.85071176290512	138	140	
34	1	1	0.046	-1.1781491041183	-0.019366096705198	0.5021116733551	-2.5786621570587	0.58226186037064	-0.85067391395569	138	140	
34	1	1	0.046	-1.1798939704895	-0.024302937090397	0.5020803809166	-2.5789048671722	0.58240884542465	-0.85072064399719	138	140	
34	1	1	0.051	-1.1816347837448	-0.029285820201039	0.50211155414581	-2.5790972709656	0.58251804113388	-0.85074079036713	138	140	
34	1	1	0.046	-1.1851154565811	-0.039368093013763	0.50211137533188	-2.579372882843	0.58266180753708	-0.85072696208954	138	140	
34	1	1	0.051	-1.1868582963943	-0.044460106641054	0.50208008289337	-2.5794854164124	0.5827214717865	-0.85071188211441	138	140	
34	1	1	0.048	-1.1886047124863	-0.049582432955503	0.50211131572723	-2.5795607566833	0.58275121450424	-0.85067647695541	138	140	
34	1	1	0.053	-1.1903544664383	-0.054733831435442	0.50208008289337	-2.5796573162079	0.58280825614929	-0.85066121816635	138	139	
34	1	1	0.047	-1.1921046972275	-0.059916824102402	0.50211131572723	-2.5800259113312	0.5831286907196	-0.85084670782089	138	139	
34	1	1	0.052	-1.2030786275864	-0.091067261993885	0.50211155414581	-2.5805237293243	0.58348858356476	-0.85080510377884	138	139	
34	1	1	0.047	-1.20889544487	-0.10662207007408	0.50208050012589	-2.5805037021637	0.58344268798828	-0.85063195228577	138	139	
34	1	1	0.056	-1.2108713388443	-0.1118165999651	0.50211179256439	-2.5804834365845	0.58341586589813	-0.8505694270134	138	139	
34	1	1	0.047	-1.2128639221191	-0.11701791733503	0.50208055973053	-2.5804913043976	0.58341729640961	-0.85052824020386	138	139	
34	1	1	0.054	-1.2148729562759	-0.12222617119551	0.50211185216904	-2.580472946167	0.58339416980743	-0.8504713177681	138	139	
34	1	1	0.047	-1.2189399003983	-0.13266304135323	0.50211203098297	-2.5801627635956	0.58309203386307	-0.85016888380051	138	140	
34	1	1	0.051	-1.2230390310287	-0.14315928518772	0.50211215019226	-2.5791363716125	0.58279740810394	-0.84987616539001	139	140	
34	1	1	0.05	-1.2250730991364	-0.14846788346767	0.5020809173584	-2.5786159038544	0.58332616090775	-0.85024291276932	139	140	
34	1	1	0.049	-1.2271139621735	-0.15383377671242	0.50211215019226	-2.5784478187561	0.58368706703186	-0.85048609972	139	140	
34	1	1	0.054	-1.2291738986969	-0.15925966203213	0.50208085775375	-2.5785775184631	0.58384728431702	-0.8505767583847	139	140	
34	1	1	0.045	-1.2312598228455	-0.16474150121212	0.50211191177368	-2.5787856578827	0.58382838964462	-0.85053509473801	139	140	
34	1	1	0.062	-1.2376620769501	-0.18147440254688	0.50208032131195	-2.5794169902802	0.58364927768707	-0.85032266378403	139	140	
34	1	1	0.047	-1.2633494138718	-0.25124621391296	0.50207996368408	-2.5805032253265	0.58272671699524	-0.84946095943451	138	140	
34	1	1	0.046	-1.2673628330231	-0.26323291659355	0.50208008289337	-2.5812418460846	0.58359748125076	-0.85010820627213	138	140	
34	1	1	0.055	-1.2693791389465	-0.26923251152039	0.50211131572723	-2.5813984870911	0.58381342887878	-0.85027027130127	138	139	
34	1	1	0.041	-1.2755690813065	-0.2871487736702	0.50208026170731	-2.5819249153137	0.58446913957596	-0.8507621884346	138	139	
34	1	1	0.054	-1.2936769723892	-0.33407711982727	0.50208020210266	-2.5797874927521	0.58458566665649	-0.85090565681458	139	139	
34	1	1	0.049	-1.3011597394943	-0.35183250904083	0.50211131572723	-2.5800557136536	0.58413410186768	-0.85059821605682	139	139	
34	1	1	0.054	-1.303725361824	-0.3577868938446	0.50208008289337	-2.5801289081573	0.584044277668	-0.85054224729538	139	139	
34	1	1	0.054	-1.3142528533936	-0.38177931308746	0.50208008289337	-2.5793838500977	0.58293050527573	-0.84976142644882	139	140	
34	1	1	0.049	-1.3169053792953	-0.387864112854	0.50211137533188	-2.5794479846954	0.58292204141617	-0.84977149963379	139	140	
34	1	1	0.054	-1.324852347374	-0.40636947751045	0.50208008289337	-2.5798599720001	0.58315885066986	-0.8499983549118	139	141	
34	1	1	0.046	-1.3301720619202	-0.41886392235756	0.50208008289337	-2.5792157649994	0.58247625827789	-0.84952032566071	139	141	
34	1	1	0.055	-1.3561151027679	-0.48412564396858	0.50207966566086	-2.5799188613892	0.58298337459564	-0.85009831190109	139	141	
34	1	1	0.054	-1.3873524665833	-0.56630462408066	0.50208026170731	-2.5797944068909	0.58282685279846	-0.85022592544556	139	142	
34	1	1	0.046	-1.395263671875	-0.58738046884537	0.50211161375046	-2.5792543888092	0.58230966329575	-0.8498957157135	139	142	
34	1	1	0.055	-1.3978707790375	-0.59450078010559	0.50208044052124	-2.5794105529785	0.58245748281479	-0.85002517700195	139	142	
34	1	1	0.045	-1.400466799736	-0.60166370868683	0.5021116733551	-2.579523563385	0.58256369829178	-0.8501238822937	139	142	
34	1	1	0.05	-1.4030557870865	-0.60886478424072	0.50208032131195	-2.5796213150024	0.58265668153763	-0.85021167993546	139	142	
34	1	1	0.051	-1.4056407213211	-0.61609953641891	0.50211155414581	-2.5796597003937	0.58269250392914	-0.8502568602562	139	142	
34	1	1	0.046	-1.4082230329514	-0.62336659431458	0.50208032131195	-2.579710483551	0.58274078369141	-0.85031032562256	139	142	
34	1	1	0.055	-1.410804271698	-0.63066357374191	0.50211161375046	-2.579728603363	0.58275717496872	-0.85034108161926	139	143	
34	1	1	0.045	-1.4133892059326	-0.6379851102829	0.5020803809166	-2.5794813632965	0.58252239227295	-0.85018062591553	138	143	
34	1	1	0.057	-1.415976524353	-0.64534091949463	0.50211173295975	-2.5794882774353	0.58184230327606	-0.84968721866608	138	143	
34	1	1	0.054	-1.4330818653107	-0.6977778673172	0.50208008289337	-2.5803084373474	0.5820244550705	-0.84992563724518	138	143	
34	1	1	0.042	-1.4422528743744	-0.72821569442749	0.50208014249802	-2.5801377296448	0.58240050077438	-0.85025751590729	138	144	
34	1	1	0.058	-1.4467777013779	-0.7435490489006	0.50208020210266	-2.5793375968933	0.58180391788483	-0.84982979297638	138	144	
34	1	1	0.029	-1.4619172811508	-0.79857259988785	0.50211131572723	-2.5792980194092	0.58207440376282	-0.85009503364563	138	145	
34	1	1	0.03	-1.4661008119583	-0.8146505355835	0.50211125612259	-2.5787396430969	0.58158773183823	-0.84974187612534	138	145	
34	1	1	0.05	-1.4820077419281	-0.88138622045517	0.50210976600647	-2.5774953365326	0.58217513561249	-0.85022056102753	139	147	
34	1	1	0.05	-1.4858918190002	-0.89884966611862	0.50210899114609	-2.5774643421173	0.58169281482697	-0.84986156225204	139	147	
34	1	1	0.05	-1.4877946376801	-0.90772122144699	0.50207722187042	-2.5777370929718	0.58178979158401	-0.84993475675583	139	147	
34	1	1	0.054	-1.4896711111069	-0.91667968034744	0.50210791826248	-2.5780277252197	0.5819336771965	-0.85004472732544	138	148	
34	1	1	0.046	-1.4915329217911	-0.92571473121643	0.50207614898682	-2.5784080028534	0.58153426647186	-0.84974509477615	138	148	
34	1	1	0.05	-1.4985672235489	-0.96253424882889	0.50207442045212	-2.5796780586243	0.57942408323288	-0.84815865755081	137	149	
34	1	1	0.052	-1.500143289566	-0.97189635038376	0.50210511684418	-2.5798738002777	0.57930505275726	-0.84806948900223	137	150	
34	1	1	0.05	-1.5030107498169	-0.99078625440598	0.50210380554199	-2.5797355175018	0.57904207706451	-0.84786945581436	136	150	
34	1	1	0.05	-1.5054763555527	-1.0099178552628	0.50210243463516	-2.5801620483398	0.57869470119476	-0.84760624170303	136	151	
34	1	1	0.05	-1.5065418481827	-1.0195605754852	0.50207036733627	-2.5798482894897	0.57866656780243	-0.84757947921753	135	151	
34	1	1	0.05	-1.5074926614761	-1.0292686223984	0.50210070610046	-2.5800352096558	0.57862365245819	-0.84754818677902	135	152	
34	1	1	0.05	-1.5083312988281	-1.039036989212	0.50206845998764	-2.5803182125092	0.57836377620697	-0.84735041856766	135	152	
34	1	1	0.05	-1.509640455246	-1.0587358474731	0.50206643342972	-2.5802342891693	0.57788497209549	-0.84698444604874	134	153	
34	1	1	0.05	-1.5100998878479	-1.0686746835709	0.50209647417068	-2.5803170204163	0.57752102613449	-0.8467088341713	134	154	
34	1	1	0.05	-1.5104129314423	-1.0786736011505	0.50206398963928	-2.5801451206207	0.57740253210068	-0.84661328792572	133	154	
34	1	1	0.05	-1.5105768442154	-1.0887409448624	0.50209385156631	-2.5801792144775	0.57718962430954	-0.84645122289658	133	155	
34	1	1	0.05	-1.510586977005	-1.0988783836365	0.50206106901169	-2.5803227424622	0.57691150903702	-0.84623855352402	133	155	
34	1	1	0.05	-1.5104310512543	-1.1090829372406	0.50209057331085	-2.5801849365234	0.57686525583267	-0.84619879722595	132	156	
34	1	1	0.05	-1.508962392807	-1.1401424407959	0.5020534992218	-2.5815372467041	0.57549697160721	-0.84517395496368	55	151	
34	1	1	0.051	-1.5083765983582	-1.150906085968	0.50209164619446	-2.6140158176422	0.55426055192947	-0.83039349317551	43	149	
34	1	1	0.049	-1.5074325799942	-1.1615769863129	0.50209021568298	-2.6646745204926	0.51907908916473	-0.80834859609604	24	146	
34	1	1	0.052	-1.5049939155579	-1.17105281353	0.50209420919418	-2.7020037174225	0.49292632937431	-0.79400330781937	15	143	
34	1	1	0.053	-1.4925985336304	-1.1832354068756	0.50141614675522	-2.7270226478577	0.47919312119484	-0.78781181573868	12	138	
34	1	1	0.047	-1.4820125102997	-1.1851457357407	0.50065940618515	-2.7199115753174	0.48788380622864	-0.7927280664444	15	136	
34	1	1	0.054	-1.4686181545258	-1.1842391490936	0.49978783726692	-2.7055768966675	0.50206047296524	-0.80073636770248	19	134	
34	1	1	0.046	-1.4527816772461	-1.1807494163513	0.49877822399139	-2.6878736019135	0.51811587810516	-0.81013292074203	30	133	
34	1	1	0.05	-1.4349254369736	-1.1749621629715	0.49784901738167	-2.6668801307678	0.53539031744003	-0.82068902254105	42	132	
34	1	1	0.05	-1.395059466362	-1.1580061912537	0.49624446034431	-2.616420507431	0.57236897945404	-0.84547364711761	71	132	
34	1	1	0.05	-1.3741035461426	-1.1477408409119	0.49564450979233	-2.5896039009094	0.58999633789063	-0.85855722427368	85	133	
34	1	1	0.05	-1.3531903028488	-1.1369459629059	0.49526795744896	-2.563973903656	0.60550475120544	-0.87088340520859	100	134	
34	1	1	0.055	-1.3327932357788	-1.1260900497437	0.49496483802795	-2.5404615402222	0.61860400438309	-0.88196974992752	114	135	
34	1	1	0.05	-1.2639220952988	-1.090277671814	0.4944494664669	-2.4787707328796	0.64721828699112	-0.90890437364578	155	143	
34	1	1	0.05	-1.2511638402939	-1.0847719907761	0.49432131648064	-2.473140001297	0.64761525392532	-0.90957397222519	161	145	
34	1	1	0.05	-1.2404110431671	-1.0810453891754	0.49408486485481	-2.4717552661896	0.64586865901947	-0.90803873538971	165	147	
34	1	1	0.05	-1.2139673233032	-1.0899972915649	0.49283969402313	-2.5127139091492	0.61536228656769	-0.87912374734879	156	152	
34	1	1	0.05	-1.2130373716354	-1.1130703687668	0.49256086349487	-2.5567882061005	0.59078025817871	-0.85768586397171	139	148	
34	1	1	0.05	-1.2153152227402	-1.1416909694672	0.49301961064339	-2.5938954353333	0.57514429092407	-0.84483593702316	125	142	
34	1	1	0.05	-1.2159054279327	-1.1512209177017	0.49324077367783	-2.6022844314575	0.57224774360657	-0.84245920181274	121	141	
34	1	1	0.05	-1.2162199020386	-1.1603827476501	0.49355661869049	-2.608345746994	0.56999063491821	-0.84056901931763	118	139	
34	1	1	0.05	-1.2161837816238	-1.1690415143967	0.49383023381233	-2.6125466823578	0.56851702928543	-0.83925408124924	116	138	
34	1	1	0.05	-1.215735912323	-1.1770905256271	0.4941765666008	-2.6148686408997	0.56805181503296	-0.83866286277771	115	136	
34	1	1	0.051	-1.2148464918137	-1.184472322464	0.49446395039558	-2.6155159473419	0.56884527206421	-0.83897739648819	115	135	
34	1	1	0.049	-1.2135192155838	-1.1911491155624	0.49481257796288	-2.6144807338715	0.57074898481369	-0.84009367227554	116	135	
34	1	1	0.052	-1.2118010520935	-1.197114944458	0.49509552121162	-2.6114454269409	0.57317906618118	-0.84157878160477	117	135	
34	1	1	0.05	-1.1858654022217	-1.2410907745361	0.49830865859985	-2.5667312145233	0.58898413181305	-0.85101824998856	134	145	
34	1	1	0.05	-1.1721774339676	-1.2858310937881	0.49988800287247	-2.5910606384277	0.5759192109108	-0.84020048379898	117	143	
34	1	1	0.05	-1.1673903465271	-1.2978227138519	0.50018239021301	-2.5995843410492	0.5734868645668	-0.83832317590714	111	141	
34	1	1	0.05	-1.1645554304123	-1.303475022316	0.50028228759766	-2.603363275528	0.5722571015358	-0.83739119768143	109	140	
34	1	1	0.05	-1.1613712310791	-1.3087760210037	0.500432908535	-2.6062257289886	0.57139188051224	-0.8367280960083	106	138	
34	1	1	0.05	-1.1578075885773	-1.3136674165726	0.50050890445709	-2.608776807785	0.57112139463425	-0.83651238679886	104	136	
34	1	1	0.051	-1.1538456678391	-1.3180878162384	0.5006348490715	-2.6112468242645	0.57144892215729	-0.83674675226212	103	135	
34	1	1	0.049	-1.1494904756546	-1.3219674825668	0.50068587064743	-2.6126410961151	0.57233273983002	-0.83737534284592	101	133	
34	1	1	0.052	-1.1447638273239	-1.3252513408661	0.50078755617142	-2.61323595047	0.57336843013763	-0.83810931444168	100	132	
34	1	1	0.048	-1.1396963596344	-1.3279137611389	0.50081598758698	-2.6133460998535	0.574398458004	-0.83883512020111	99	131	
34	1	1	0.053	-1.134318113327	-1.3299294710159	0.50089740753174	-2.6126787662506	0.57529997825623	-0.83946168422699	99	130	
34	1	1	0.047	-1.1286528110504	-1.3313026428223	0.50090843439102	-2.611270904541	0.5764172077179	-0.84024488925934	98	129	
34	1	1	0.05	-1.1227312088013	-1.3320525884628	0.50097584724426	-2.6096427440643	0.57758265733719	-0.84107547998428	98	128	
34	1	1	0.05	-1.1165857315063	-1.3322113752365	0.50097650289536	-2.6080746650696	0.57878690958023	-0.84194487333298	98	127	
34	1	1	0.05	-1.110249042511	-1.3318027257919	0.50103670358658	-2.6063368320465	0.58012962341309	-0.84292829036713	98	126	
34	1	1	0.05	-1.1037591695786	-1.3308581113815	0.50103271007538	-2.6046047210693	0.5815401673317	-0.84397357702255	98	125	
34	1	1	0.05	-1.0971583127975	-1.3294051885605	0.50109052658081	-2.6029624938965	0.58282780647278	-0.84494018554688	99	125	
34	1	1	0.05	-1.0904850959778	-1.3274664878845	0.50108557939529	-2.6008517742157	0.58399212360382	-0.84582144021988	99	124	
34	1	1	0.05	-1.0837761163712	-1.3250790834427	0.50114333629608	-2.5986089706421	0.58498853445053	-0.84659045934677	100	123	
34	1	1	0.05	-1.0571842193604	-1.3118808269501	0.50125902891159	-2.5924091339111	0.5879293680191	-0.84896206855774	101	122	
34	1	1	0.05	-1.0507212877274	-1.3078192472458	0.50125879049301	-2.5909323692322	0.58809667825699	-0.84914481639862	101	122	
34	1	1	0.05	-1.0443600416183	-1.3035136461258	0.5013216137886	-2.5897104740143	0.58784192800522	-0.8490149974823	101	122	
34	1	1	0.051	-1.0319126844406	-1.2943065166473	0.5013861656189	-2.5885674953461	0.58720016479492	-0.84865772724152	101	121	
34	1	1	0.049	-1.0258034467697	-1.2894498109818	0.50138765573502	-2.5885908603668	0.58720457553864	-0.84872645139694	101	121	
34	1	1	0.048	-1.0138107538223	-1.2792347669601	0.50145226716995	-2.5882976055145	0.58689695596695	-0.84864234924316	101	120	
34	1	1	0.054	-0.99634093046188	-1.2627165317535	0.50157576799393	-2.5880079269409	0.58597850799561	-0.84820568561554	100	120	
34	1	1	0.046	-0.99064272642136	-1.256907582283	0.50157344341278	-2.5881974697113	0.5851503610611	-0.84767246246338	100	120	
34	1	1	0.055	-0.98497229814529	-1.2509524822235	0.50163269042969	-2.588118314743	0.58456587791443	-0.84732782840729	99	120	
34	1	1	0.045	-0.97931391000748	-1.2448605298996	0.50162839889526	-2.5882403850555	0.58400398492813	-0.84700375795364	99	119	
34	1	1	0.05	-0.97364813089371	-1.2386382818222	0.50168567895889	-2.5887200832367	0.58371835947037	-0.84688991308212	99	119	
34	1	1	0.05	-0.95655554533005	-1.2190760374069	0.50172501802444	-2.5884201526642	0.58388996124268	-0.84733587503433	99	119	
34	1	1	0.05	-0.95083963871002	-1.2122453451157	0.5017774105072	-2.5878183841705	0.58377242088318	-0.84735989570618	99	118	
34	1	1	0.051	-0.93363440036774	-1.1909794807434	0.50180321931839	-2.5874054431915	0.58438378572464	-0.84816437959671	99	117	
34	1	1	0.049	-0.92790651321411	-1.1836314201355	0.50185149908066	-2.587345123291	0.584552526474	-0.84840953350067	99	117	
34	1	1	0.05	-0.92219108343124	-1.1761540174484	0.5018362402916	-2.5874009132385	0.58479660749435	-0.84871172904968	99	116	
34	1	1	0.05	-0.91649657487869	-1.1685419082642	0.50188255310059	-2.5875027179718	0.58505707979202	-0.84902828931808	99	116	
34	1	1	0.05	-0.91083234548569	-1.1607886552811	0.50186538696289	-2.5875952243805	0.58528757095337	-0.84932237863541	99	116	
34	1	1	0.05	-0.90521061420441	-1.1528817415237	0.50190949440002	-2.5873544216156	0.58518171310425	-0.8493657708168	99	116	
34	1	1	0.05	-0.89963221549988	-1.1448248624802	0.5018904209137	-2.5869491100311	0.58490484952927	-0.84928089380264	99	116	
34	1	1	0.05	-0.89409071207047	-1.1366276741028	0.50193291902542	-2.5864970684052	0.58456820249557	-0.84915244579315	99	115	
34	1	1	0.05	-0.88857311010361	-1.1283097267151	0.50191229581833	-2.5864295959473	0.58458471298218	-0.84928810596466	99	115	
34	1	1	0.05	-0.88307929039001	-1.1198726892471	0.50195342302322	-2.5865375995636	0.58475440740585	-0.84953927993774	99	115	
34	1	1	0.051	-0.87761807441711	-1.1113086938858	0.50193148851395	-2.5864725112915	0.58475250005722	-0.84965997934341	99	114	
34	1	1	0.05	-0.8667955994606	-1.0938000679016	0.50194829702377	-2.586612701416	0.58498072624207	-0.85007762908936	99	114	
34	1	1	0.05	-0.86144649982452	-1.0848432779312	0.50198698043823	-2.5864629745483	0.58487594127655	-0.85012221336365	99	113	
34	1	1	0.05	-0.85087203979492	-1.0665313005447	0.50200021266937	-2.5864977836609	0.58497017621994	-0.85043561458588	99	113	
34	1	1	0.054	-0.84565389156342	-1.0571684837341	0.5019748210907	-2.5863637924194	0.58486837148666	-0.8504781126976	99	113	
34	1	1	0.046	-0.84048449993134	-1.0476653575897	0.50201141834259	-2.5860397815704	0.58458131551743	-0.85038203001022	99	112	
34	1	1	0.051	-0.8252090215683	-1.0183950662613	0.50199407339096	-2.5860204696655	0.58461147546768	-0.85075330734253	99	111	
34	1	1	0.049	-0.82020080089569	-1.0083782672882	0.50202918052673	-2.5860483646393	0.58465039730072	-0.85089695453644	99	111	
34	1	1	0.053	-0.80545741319656	-0.97751557826996	0.50200778245926	-2.5860562324524	0.58468586206436	-0.85125303268433	99	110	
34	1	1	0.047	-0.80064129829407	-0.96695238351822	0.50204175710678	-2.5861177444458	0.58475005626678	-0.85140764713287	99	109	
34	1	1	0.054	-0.79587537050247	-0.95625030994415	0.50201296806335	-2.5862872600555	0.58491766452789	-0.85163682699203	98	109	
34	1	1	0.05	-0.7819282412529	-0.92322623729706	0.50204968452454	-2.5874984264374	0.58384531736374	-0.8511249423027	98	108	
34	1	1	0.05	-0.77735751867294	-0.91188412904739	0.50201970338821	-2.5876007080078	0.58390760421753	-0.85126596689224	97	108	
34	1	1	0.05	-0.75935244560242	-0.86474102735519	0.50202214717865	-2.5872173309326	0.58227050304413	-0.85039138793945	97	109	
34	1	1	0.05	-0.75035655498505	-0.84016907215118	0.50202280282974	-2.5859105587006	0.58120059967041	-0.84975248575211	96	109	
34	1	1	0.054	-0.74582201242447	-0.82769495248795	0.50205463171005	-2.5858850479126	0.58059984445572	-0.84937882423401	96	110	
34	1	1	0.046	-0.74123781919479	-0.81510722637177	0.50202411413193	-2.5856206417084	0.58017265796661	-0.84913110733032	96	110	
34	1	1	0.05	-0.72707259654999	-0.77676522731781	0.50205820798874	-2.583722114563	0.57946717739105	-0.84880721569061	96	111	
34	1	1	0.05	-0.72218769788742	-0.76385390758514	0.50202810764313	-2.5834259986877	0.57959878444672	-0.84897023439407	96	112	
34	1	1	0.05	-0.71722227334976	-0.75089490413666	0.50206065177917	-2.5830407142639	0.57957708835602	-0.84901624917984	96	112	
34	1	1	0.05	-0.71217799186707	-0.7378962635994	0.50203078985214	-2.5826284885406	0.5794712305069	-0.84899455308914	96	112	
34	1	1	0.05	-0.70704936981201	-0.72487235069275	0.50206351280212	-2.5824503898621	0.5795391201973	-0.8491028547287	96	113	
34	1	1	0.05	-0.67447167634964	-0.6462886929512	0.50207251310349	-2.5837497711182	0.57796174287796	-0.84820711612701	94	114	
34	1	1	0.05	-0.66867709159851	-0.63307648897171	0.50204241275787	-2.5838301181793	0.57791167497635	-0.84820628166199	94	114	
34	1	1	0.05	-0.66275435686111	-0.6198223233223	0.50207459926605	-2.5838196277618	0.57819646596909	-0.84845525026321	93	114	
34	1	1	0.05	-0.65671437978745	-0.6065269112587	0.50204420089722	-2.5841765403748	0.57836961746216	-0.84862059354782	93	114	
34	1	1	0.05	-0.6505646109581	-0.59317922592163	0.50207614898682	-2.5846462249756	0.57835221290588	-0.8486396074295	93	114	
34	1	1	0.05	-0.64430332183838	-0.57976567745209	0.50204557180405	-2.5848548412323	0.57849425077438	-0.84877324104309	92	114	
34	1	1	0.05	-0.63793689012527	-0.56627929210663	0.50207734107971	-2.5851836204529	0.57844430208206	-0.84876292943954	92	115	
34	1	1	0.05	-0.62489199638367	-0.5390527844429	0.5020779967308	-2.5853750705719	0.57742315530777	-0.84803652763367	91	115	
34	1	1	0.052	-0.59719526767731	-0.48362454771996	0.50207728147507	-2.586688041687	0.5771895647049	-0.84792357683182	89	115	
34	1	1	0.048	-0.58992457389832	-0.46953681111336	0.50204533338547	-2.5872931480408	0.57698291540146	-0.84777820110321	88	115	
34	1	1	0.053	-0.58250802755356	-0.45533019304276	0.5020757317543	-2.5877408981323	0.57679831981659	-0.84764850139618	87	116	
34	1	1	0.047	-0.57494735717773	-0.44099348783493	0.50204336643219	-2.588121175766	0.57618421316147	-0.84719270467758	87	116	
34	1	1	0.054	-0.56722289323807	-0.42651811242104	0.50207316875458	-2.5880842208862	0.57559239864349	-0.84674829244614	86	116	
34	1	1	0.046	-0.55931377410889	-0.41191482543945	0.50204002857208	-2.5881631374359	0.57539445161819	-0.84659886360168	85	116	
34	1	1	0.05	-0.55121302604675	-0.39718812704086	0.50206911563873	-2.5886721611023	0.5751941204071	-0.84645181894302	84	117	
34	1	1	0.051	-0.54292052984238	-0.38232651352882	0.50203543901443	-2.5891938209534	0.57466864585876	-0.84605765342712	83	117	
34	1	1	0.049	-0.53442239761353	-0.36731943488121	0.50206381082535	-2.5896027088165	0.57392996549606	-0.84550207853317	82	118	
34	1	1	0.053	-0.50749295949936	-0.32140380144119	0.50202077627182	-2.5907142162323	0.57044327259064	-0.84287637472153	77	121	
34	1	1	0.047	-0.49793276190758	-0.30580738186836	0.50204640626907	-2.5911829471588	0.56898266077042	-0.84178221225739	76	122	
34	1	1	0.05	-0.45570746064186	-0.24204951524734	0.50200790166855	-2.5937192440033	0.56420505046844	-0.83822107315063	68	127	
34	1	1	0.044	-0.43172931671143	-0.20929123461246	0.50197613239288	-2.5944631099701	0.56096678972244	-0.83579862117767	64	132	
34	1	1	0.05	-0.41888836026192	-0.19267639517784	0.50192475318909	-2.5940141677856	0.5589035153389	-0.83423167467117	62	135	
34	1	1	0.05	-0.37623950839043	-0.14223653078079	0.5018715262413	-2.5907616615295	0.55212819576263	-0.82903075218201	57	146	
34	1	1	0.05	-0.34370738267899	-0.10859300941229	0.50178664922714	-2.5868339538574	0.54825693368912	-0.82595276832581	54	155	
34	1	1	0.049	-0.26668182015419	-0.043614093214273	0.50151777267456	-2.5738852024078	0.54251080751419	-0.8209376335144	54	177	
34	1	1	0.047	-0.17149160802364	0.013190072029829	0.50106906890869	-2.5544347763062	0.54498463869095	-0.82156097888947	63	199	
34	1	1	0.05	-0.11704537272453	0.03620545566082	0.50077229738235	-2.5433673858643	0.55088478326797	-0.82530564069748	72	207	
34	1	1	0.05	-0.088280983269215	0.045958064496517	0.50057744979858	-2.5379025936127	0.5555762052536	-0.82852697372437	78	211	
34	1	1	0.05	-0.058641877025366	0.054405268281698	0.50043869018555	-2.5320088863373	0.56092673540115	-0.83227610588074	84	213	
34	1	1	0.049	0.0026641297154129	0.067000858485699	0.50008678436279	-2.5212118625641	0.57376730442047	-0.84161311388016	98	216	
34	1	1	0.052	0.033978011459112	0.070987559854984	0.49987643957138	-2.5166397094727	0.58098393678665	-0.84701484441757	105	216	
34	1	1	0.048	0.065459042787552	0.073352321982384	0.49972808361053	-2.5129833221436	0.58833235502243	-0.85260212421417	112	216	
34	1	1	0.053	0.096895419061184	0.074080094695091	0.49951723217964	-2.5102527141571	0.59546059370041	-0.85808724164963	118	216	
34	1	1	0.047	0.12805926799774	0.073165126144886	0.49936917424202	-2.5084097385406	0.60154348611832	-0.86282151937485	124	214	
34	1	1	0.054	0.15876996517181	0.070622742176056	0.4991582930088	-2.5080077648163	0.6068988442421	-0.86699271202087	129	213	
34	1	1	0.046	0.18885354697704	0.066482238471508	0.4990097284317	-2.5090143680573	0.6114462018013	-0.87051653862	133	212	
34	1	1	0.05	0.2465860247612	0.053711108863354	0.49865692853928	-2.5144064426422	0.61602234840393	-0.87396359443665	139	209	
34	1	1	0.05	0.27406856417656	0.04525052011013	0.49845883250237	-2.5186884403229	0.61658644676208	-0.87428486347198	141	208	
34	1	1	0.05	0.35072013735771	0.012838210910559	0.49808236956596	-2.5351331233978	0.61336559057236	-0.87136036157608	142	205	
34	1	1	0.05	0.37441408634186	8.704217907507e-005	0.49796003103256	-2.5415940284729	0.61064916849136	-0.8691263794899	142	204	
34	1	1	0.05	0.39728143811226	-0.013417586684227	0.49792897701263	-2.5473833084106	0.60746210813522	-0.8666051030159	142	203	
34	1	1	0.05	0.44092860817909	-0.042247612029314	0.49789535999298	-2.5567779541016	0.60249125957489	-0.86280977725983	143	202	
34	1	1	0.05	0.50225418806076	-0.088734105229378	0.49801683425903	-2.5638856887817	0.59846717119217	-0.86005872488022	147	198	
34	1	1	0.05	0.52178829908371	-0.10488080233335	0.49814066290855	-2.565126657486	0.59874826669693	-0.86041134595871	149	197	
34	1	1	0.05	0.54089736938477	-0.12128818780184	0.49821674823761	-2.5656886100769	0.59984529018402	-0.86139965057373	151	196	
34	1	1	0.05	0.55954438447952	-0.13792037963867	0.49836632609367	-2.565450668335	0.60090726613998	-0.8623868227005	154	194	
34	1	1	0.05	0.57770484685898	-0.15476515889168	0.49846091866493	-2.564706325531	0.60231947898865	-0.8636549115181	157	192	
34	1	1	0.05	0.62880593538284	-0.20658458769321	0.49888262152672	-2.5611402988434	0.60923224687576	-0.86958128213882	168	185	
34	1	1	0.05	0.64449816942215	-0.22428539395332	0.49897596240044	-2.5594277381897	0.61220210790634	-0.87210541963577	172	182	
34	1	1	0.05	0.65938478708267	-0.24221348762512	0.49912410974503	-2.5578947067261	0.61547613143921	-0.87486982345581	175	179	
34	1	1	0.05	0.70900464057922	-0.31608292460442	0.49946045875549	-2.5579943656921	0.62521511316299	-0.88305294513702	186	165	
34	1	1	0.05	0.75110685825348	-0.46577873826027	0.49952620267868	-2.5857293605804	0.61026901006699	-0.87115997076035	179	145	
34	1	1	0.047	0.75053811073303	-0.51752090454102	0.4995322227478	-2.5956492424011	0.59576922655106	-0.86021101474762	172	145	
34	1	1	0.05	0.74597603082657	-0.56485229730606	0.49969118833542	-2.5992300510406	0.58284050226212	-0.8508437871933	244	27	
34	1	1	0.053	0.71344655752182	-0.63894188404083	0.4992034137249	-2.590354681015	0.69223880767822	-0.93888074159622	243	0	
34	1	1	0.05	0.49775284528732	-0.66715574264526	0.4942190349102	-2.5783135890961	0.51807844638824	-0.80743020772934	158	146	
34	1	1	0.05	0.44362762570381	-0.66872036457062	0.4939512014389	-2.5672323703766	0.4583386182785	-0.76404076814651	131	188	
34	1	1	0.05	0.42107963562012	-0.67127084732056	0.49369567632675	-2.5660376548767	0.43718788027763	-0.74959093332291	120	202	
34	1	1	0.05	0.40251585841179	-0.67536348104477	0.49314227700233	-2.5678675174713	0.42328098416328	-0.74100643396378	111	212	
34	1	1	0.05	0.38846632838249	-0.68110144138336	0.49236395955086	-2.5719385147095	0.41702142357826	-0.73830187320709	106	218	
34	1	1	0.05	0.37486064434052	-0.70731627941132	0.4885051548481	-2.5838649272919	0.44213804602623	-0.75977873802185	109	214	
34	1	1	0.05	0.38744708895683	-0.73057502508163	0.48572111129761	-2.5831437110901	0.48806509375572	-0.79239881038666	126	198	
34	1	1	0.05	0.39861527085304	-0.74338638782501	0.48461201786995	-2.5793609619141	0.51566183567047	-0.81188952922821	138	187	
34	1	1	0.05	0.44210347533226	-0.78483790159225	0.48280879855156	-2.5597486495972	0.60044771432877	-0.87459540367126	176	147	
34	1	1	0.05	0.45710012316704	-0.79927909374237	0.48277020454407	-2.5525057315826	0.62552642822266	-0.89436316490173	188	132	
34	1	1	0.053	0.47103157639503	-0.8138615489006	0.48284465074539	-2.5463492870331	0.64797228574753	-0.91255062818527	198	118	
34	1	1	0.047	0.48316535353661	-0.82847666740417	0.48308217525482	-2.5423588752747	0.66674238443375	-0.92800498008728	207	105	
34	1	1	0.054	0.49291926622391	-0.84299486875534	0.4832863509655	-2.5405809879303	0.68114221096039	-0.9398957490921	214	93	
34	1	1	0.05	0.5036558508873	-0.88455694913864	0.48367297649384	-2.5490307807922	0.6954328417778	-0.95014250278473	218	71	
34	1	1	0.052	0.48401319980621	-0.92053163051605	0.48332035541534	-2.5729053020477	0.66345149278641	-0.92068028450012	202	77	
34	1	1	0.048	0.47158220410347	-0.93090003728867	0.48325142264366	-2.5805311203003	0.64438223838806	-0.90473067760468	193	85	
34	1	1	0.05	0.4238646030426	-0.95755034685135	0.48355361819267	-2.5954928398132	0.57698428630829	-0.85207831859589	165	116	
34	1	1	0.05	0.40671190619469	-0.96534782648087	0.48395398259163	-2.5980172157288	0.55631375312805	-0.83668899536133	156	125	
34	1	1	0.05	0.39002564549446	-0.97285032272339	0.48439085483551	-2.5999557971954	0.53881937265396	-0.82390314340591	148	134	
34	1	1	0.05	0.37437853217125	-0.98019123077393	0.4849502146244	-2.6015763282776	0.52496701478958	-0.81395518779755	142	142	
34	1	1	0.049	0.34785449504852	-0.99472939968109	0.48603776097298	-2.6018211841583	0.50897538661957	-0.80256772041321	133	152	
34	1	1	0.048	0.32938823103905	-1.0095418691635	0.48700630664825	-2.599924325943	0.50870925188065	-0.80239337682724	132	157	
34	1	1	0.053	0.32337069511414	-1.0171350240707	0.48740014433861	-2.5973262786865	0.51374822854996	-0.80585759878159	133	157	
34	1	1	0.047	0.31938484311104	-1.0248821973801	0.48783066868782	-2.5939943790436	0.52116984128952	-0.81100726127625	136	156	
34	1	1	0.054	0.31724002957344	-1.0328052043915	0.48818811774254	-2.5901820659637	0.53067880868912	-0.81769794225693	140	154	
34	1	1	0.055	0.31741341948509	-1.0492211580276	0.48899683356285	-2.5804579257965	0.5535483956337	-0.83409196138382	151	148	
34	1	1	0.045	0.3190852701664	-1.0577408075333	0.48946979641914	-2.5747940540314	0.56579613685608	-0.84307730197906	157	144	
34	1	1	0.05	0.32135403156281	-1.0665009021759	0.4899098277092	-2.5693554878235	0.57816749811172	-0.85233670473099	163	140	
34	1	1	0.05	0.32813140749931	-1.0943374633789	0.49147489666939	-2.556533575058	0.60941416025162	-0.87651002407074	180	126	
34	1	1	0.05	0.32623609900475	-1.1347937583923	0.49338108301163	-2.5537521839142	0.62738937139511	-0.89067256450653	189	113	
34	1	1	0.05	0.31752496957779	-1.1559592485428	0.4941386282444	-2.5604243278503	0.62355548143387	-0.88723027706146	186	111	
34	1	1	0.05	0.30363777279854	-1.1771903038025	0.49479103088379	-2.5701384544373	0.61239492893219	-0.87800669670105	179	112	
34	1	1	0.05	0.27580538392067	-1.2082016468048	0.49567139148712	-2.5862321853638	0.58755511045456	-0.85845601558685	164	119	
34	1	1	0.05	0.2655887901783	-1.2181279659271	0.49600800871849	-2.5907344818115	0.57891249656677	-0.85188549757004	159	121	
34	1	1	0.05	0.25532627105713	-1.22780418396	0.49628281593323	-2.5950481891632	0.57079339027405	-0.84579885005951	155	124	
34	1	1	0.051	0.24527749419212	-1.2371979951859	0.49661654233932	-2.5982825756073	0.56398755311966	-0.84075200557709	151	127	
34	1	1	0.049	0.23564903438091	-1.2462886571884	0.49687919020653	-2.6000919342041	0.55849540233612	-0.83669495582581	148	130	
34	1	1	0.05	0.22662301361561	-1.2550736665726	0.49719044566154	-2.6005132198334	0.55425703525543	-0.83354496955872	145	132	
34	1	1	0.05	0.21833424270153	-1.26358294487	0.49742186069489	-2.6002476215363	0.55147731304169	-0.83145844936371	144	134	
34	1	1	0.05	0.21089281141758	-1.2718487977982	0.49769586324692	-2.5991895198822	0.55043035745621	-0.83061814308167	143	136	
34	1	1	0.05	0.20434327423573	-1.2799029350281	0.49788725376129	-2.597179889679	0.55089676380157	-0.83085209131241	143	137	
34	1	1	0.05	0.19869339466095	-1.2877906560898	0.49812263250351	-2.5945477485657	0.55255210399628	-0.8319405913353	144	138	
34	1	1	0.05	0.18992225825787	-1.3032690286636	0.49848783016205	-2.5880134105682	0.55919539928436	-0.83657330274582	147	138	
34	1	1	0.051	0.18392138183117	-1.318687081337	0.49881914258003	-2.5806720256805	0.5686075091362	-0.84334886074066	153	137	
34	1	1	0.05	0.17966343462467	-1.3344116210938	0.49913790822029	-2.5725932121277	0.57945281267166	-0.85134196281433	160	135	
34	1	1	0.05	0.17780594527721	-1.3425124883652	0.49926337599754	-2.5688650608063	0.58483874797821	-0.85538029670715	163	134	
34	1	1	0.05	0.17591127753258	-1.3508253097534	0.49944850802422	-2.565372467041	0.5897045135498	-0.85906678438187	166	132	
34	1	1	0.05	0.1714359074831	-1.3682409524918	0.49973955750465	-2.5614223480225	0.59737485647202	-0.86490136384964	170	130	
34	1	1	0.05	0.16860434412956	-1.3773715496063	0.49984136223793	-2.5608191490173	0.5995329618454	-0.86652153730392	172	129	
34	1	1	0.05	0.16526341438293	-1.3867779970169	0.49999549984932	-2.560572385788	0.60084784030914	-0.86748832464218	173	128	
34	1	1	0.05	0.16137081384659	-1.3964551687241	0.50007700920105	-2.5609114170074	0.60152721405029	-0.86794811487198	174	128	
34	1	1	0.051	0.15689231455326	-1.4063884019852	0.50021082162857	-2.5615749359131	0.60132020711899	-0.86771821975708	174	128	
34	1	1	0.049	0.15182530879974	-1.416562795639	0.50027298927307	-2.5625658035278	0.60017687082291	-0.86675953865051	174	128	
34	1	1	0.052	0.14619295299053	-1.4269698858261	0.50038987398148	-2.563987493515	0.59836089611053	-0.86527562141418	173	129	
34	1	1	0.048	0.14004167914391	-1.4375952482224	0.50043821334839	-2.56578540802	0.59588187932968	-0.86327958106995	172	130	
34	1	1	0.053	0.13343474268913	-1.4484212398529	0.50054478645325	-2.5677103996277	0.59270632266998	-0.86076110601425	171	131	
34	1	1	0.047	0.1264641135931	-1.4594342708588	0.50058645009995	-2.5696363449097	0.58942610025406	-0.85817390680313	169	132	
34	1	1	0.054	0.11922650039196	-1.470626115799	0.50068926811218	-2.5718159675598	0.58611261844635	-0.85557460784912	167	134	
34	1	1	0.05	0.10432981699705	-1.4934667348862	0.50083005428314	-2.5760583877563	0.57870584726334	-0.84983432292938	163	138	
34	1	1	0.054	0.096885517239571	-1.5050808191299	0.50086790323257	-2.5776479244232	0.57503992319107	-0.84701651334763	161	141	
34	1	1	0.046	0.089592531323433	-1.5168136358261	0.50096654891968	-2.578652381897	0.57146424055099	-0.84427654743195	159	143	
34	1	1	0.05	0.082556217908859	-1.5286748409271	0.50099956989288	-2.5793719291687	0.56825476884842	-0.84181576967239	157	146	
34	1	1	0.05	0.075879082083702	-1.5406802892685	0.50109070539474	-2.579883813858	0.56540286540985	-0.83962762355804	155	149	
34	1	1	0.051	0.069642245769501	-1.5528419017792	0.50111371278763	-2.5800957679749	0.56273275613785	-0.83757162094116	153	151	
34	1	1	0.05	0.058531377464533	-1.578050494194	0.50121420621872	-2.6159057617188	0.53666788339615	-0.82024019956589	52	140	
34	1	1	0.047	0.051713444292545	-1.6121978759766	0.50103831291199	-2.7385149002075	0.46053445339203	-0.78139066696167	15	126	
34	1	1	0.059	0.055363830178976	-1.618776679039	0.50040662288666	-2.7458500862122	0.46166425943375	-0.7831272482872	15	122	
34	1	1	0.05	0.085764646530151	-1.6190690994263	0.4970651268959	-2.7058153152466	0.50876706838608	-0.80933731794357	37	113	
34	1	1	0.05	0.11812527477741	-1.605077624321	0.49466648697853	-2.6532096862793	0.55288136005402	-0.83636140823364	69	111	
34	1	1	0.05	0.13624113798141	-1.5950305461884	0.49367842078209	-2.6217424869537	0.5755558013916	-0.85189586877823	86	110	
34	1	1	0.05	0.15476088225842	-1.5836986303329	0.49297261238098	-2.5900769233704	0.59675347805023	-0.86767894029617	104	110	
34	1	1	0.047	0.19051709771156	-1.5594661235809	0.49210038781166	-2.5315022468567	0.63166332244873	-0.89682108163834	139	112	
34	1	1	0.05	0.20664070546627	-1.5476324558258	0.49184453487396	-2.5059459209442	0.64464843273163	-0.90890663862228	154	114	
34	1	1	0.05	0.23316341638565	-1.5269291400909	0.49152302742004	-2.4677441120148	0.65999323129654	-0.92451810836792	178	120	
34	1	1	0.05	0.24298085272312	-1.5188289880753	0.49135759472847	-2.4560797214508	0.66222882270813	-0.927221596241	186	124	
34	1	1	0.051	0.2503117620945	-1.5126173496246	0.49106687307358	-2.4496777057648	0.66118413209915	-0.92653512954712	191	127	
34	1	1	0.049	0.25512802600861	-1.5085196495056	0.49076935648918	-2.4489736557007	0.65718257427216	-0.92264151573181	194	132	
34	1	1	0.05	0.25581339001656	-1.5095891952515	0.48953068256378	-2.4744870662689	0.6296324133873	-0.8956071138382	182	142	
34	1	1	0.049	0.22023646533489	-1.5697674751282	0.4891973733902	-2.6176996231079	0.53823500871658	-0.82002717256546	104	143	
34	1	1	0.052	0.21691250801086	-1.5799587965012	0.48946648836136	-2.6317987442017	0.53137403726578	-0.81524515151978	95	141	
34	1	1	0.048	0.21499960124493	-1.5894491672516	0.48981216549873	-2.642484664917	0.5271390080452	-0.81224423646927	89	139	
34	1	1	0.047	0.21592830121517	-1.605402469635	0.49039739370346	-2.6539418697357	0.5268582701683	-0.81143438816071	81	135	
34	1	1	0.046	0.22333027422428	-1.6163247823715	0.49087208509445	-2.6525254249573	0.53496909141541	-0.81561821699142	81	132	
34	1	1	0.05	0.22927272319794	-1.6197682619095	0.49104771018028	-2.6473004817963	0.54145926237106	-0.8191881775856	83	131	
34	1	1	0.05	0.23651483654976	-1.6219304800034	0.49128234386444	-2.6399033069611	0.54916417598724	-0.82360899448395	86	129	
34	1	1	0.05	0.24485538899899	-1.6229311227798	0.49146527051926	-2.6313457489014	0.55763095617294	-0.82866859436035	90	128	
34	1	1	0.05	0.2540645301342	-1.6229091882706	0.49173349142075	-2.6220848560333	0.56632852554321	-0.83404225111008	95	127	
34	1	1	0.05	0.26390215754509	-1.6220160722733	0.491968780756	-2.612181186676	0.57488602399826	-0.83947223424911	100	127	
34	1	1	0.05	0.27411749958992	-1.6204175949097	0.4922993183136	-2.6018562316895	0.58268934488297	-0.84451818466187	106	127	
34	1	1	0.05	0.28448709845543	-1.6182942390442	0.49259823560715	-2.5913832187653	0.58966910839081	-0.84911000728607	111	127	
34	1	1	0.05	0.29479992389679	-1.6158490180969	0.49298629164696	-2.5816075801849	0.59574919939041	-0.85316812992096	116	127	
34	1	1	0.05	0.32373115420341	-1.6083989143372	0.49410474300385	-2.5611462593079	0.60850465297699	-0.86158359050751	129	127	
34	1	1	0.05	0.33226901292801	-1.6063486337662	0.49451807141304	-2.5572774410248	0.61092907190323	-0.8630211353302	132	127	
34	1	1	0.05	0.34010565280914	-1.6046772003174	0.49485743045807	-2.5548191070557	0.61247670650482	-0.86376458406448	135	128	
34	1	1	0.05	0.35347917675972	-1.6026878356934	0.49554967880249	-2.5529427528381	0.61228501796722	-0.86268752813339	137	129	
34	1	1	0.051	0.35900422930717	-1.6024504899979	0.49590018391609	-2.5540957450867	0.61058294773102	-0.86087095737457	137	130	
34	1	1	0.049	0.36380252242088	-1.6027289628983	0.49617165327072	-2.556188583374	0.60797834396362	-0.85836029052734	136	130	
34	1	1	0.05	0.36794650554657	-1.603520989418	0.49649143218994	-2.5595541000366	0.60482919216156	-0.85543477535248	135	131	
34	1	1	0.05	0.37153047323227	-1.6047922372818	0.49673748016357	-2.5637817382813	0.60141730308533	-0.85233181715012	134	131	
34	1	1	0.055	0.38460859656334	-1.6160922050476	0.49805158376694	-2.5852117538452	0.58604061603546	-0.83888739347458	124	132	
34	1	1	0.045	0.38692769408226	-1.6188538074493	0.49825856089592	-2.5888299942017	0.58387422561646	-0.83702707290649	122	132	
34	1	1	0.05	0.38934409618378	-1.6216260194778	0.49852025508881	-2.5919976234436	0.58205795288086	-0.83546459674835	120	132	
34	1	1	0.05	0.39469620585442	-1.6269738674164	0.49895367026329	-2.5969798564911	0.57974290847778	-0.83340221643448	118	131	
34	1	1	0.047	0.40451952815056	-1.6337963342667	0.49949312210083	-2.5992786884308	0.57981604337692	-0.8330625295639	116	130	
34	1	1	0.054	0.40829625725746	-1.635647892952	0.49969291687012	-2.5991704463959	0.58033710718155	-0.83335167169571	116	130	
34	1	1	0.046	0.41232079267502	-1.6372805833817	0.49982008337975	-2.5986692905426	0.58144468069077	-0.83409255743027	116	130	
34	1	1	0.045	0.42099046707153	-1.6398860216141	0.50010854005814	-2.5959780216217	0.58366358280182	-0.8356311917305	118	130	
34	1	1	0.052	0.43506553769112	-1.6425055265427	0.50051271915436	-2.5892193317413	0.58806377649307	-0.83890688419342	121	130	
34	1	1	0.048	0.43987715244293	-1.6431946754456	0.50059235095978	-2.5873024463654	0.58937978744507	-0.83993595838547	122	130	
34	1	1	0.053	0.44467753171921	-1.6438554525375	0.50072824954987	-2.5856263637543	0.59047794342041	-0.84082621335983	123	130	
34	1	1	0.047	0.4494332075119	-1.6445177793503	0.50079548358917	-2.5842096805573	0.59142726659775	-0.84162282943726	124	130	
34	1	1	0.046	0.45869615674019	-1.6459532976151	0.50097471475601	-2.582177400589	0.59315693378448	-0.84314203262329	126	129	
34	1	1	0.05	0.46315345168114	-1.6467635631561	0.50108677148819	-2.58163022995	0.59410440921783	-0.84398740530014	127	129	
34	1	1	0.047	0.47156542539597	-1.648584485054	0.50123161077499	-2.5805466175079	0.59479701519012	-0.84482562541962	127	129	
34	1	1	0.05	0.48277208209038	-1.6519227027893	0.50137907266617	-2.5819780826569	0.5926810503006	-0.8437871336937	127	129	
34	1	1	0.05	0.48619019985199	-1.653183221817	0.50146126747131	-2.5826060771942	0.59193658828735	-0.84343820810318	126	129	
34	1	1	0.051	0.50791925191879	-1.6627056598663	0.50170308351517	-2.587958574295	0.58584123849869	-0.84066128730774	123	130	
34	1	1	0.052	0.51409947872162	-1.6652166843414	0.50175935029984	-2.5881142616272	0.58426505327225	-0.84008157253265	122	130	
34	1	1	0.048	0.51729494333267	-1.6664206981659	0.5018156170845	-2.588408946991	0.58387917280197	-0.84010511636734	121	130	
34	1	1	0.05	0.52057552337646	-1.6675844192505	0.50180751085281	-2.5888142585754	0.58361327648163	-0.84022504091263	121	129	
34	1	1	0.05	0.52395045757294	-1.6686993837357	0.50186002254486	-2.5893914699554	0.58365666866302	-0.84058147668839	121	129	
34	1	1	0.05	0.52741956710815	-1.6697459220886	0.50184834003448	-2.5897178649902	0.58410477638245	-0.84124279022217	120	129	
34	1	1	0.05	0.53096091747284	-1.6707025766373	0.50189745426178	-2.5898559093475	0.58413738012314	-0.84160125255585	120	129	
34	1	1	0.05	0.53456598520279	-1.6715587377548	0.50188255310059	-2.5898580551147	0.58386957645416	-0.84173685312271	120	129	
34	1	1	0.05	0.53824084997177	-1.6723082065582	0.50192880630493	-2.5894637107849	0.58370167016983	-0.84195005893707	120	128	
34	1	1	0.051	0.54199266433716	-1.6729620695114	0.50191122293472	-2.5891783237457	0.58402079343796	-0.84253025054932	120	128	
34	1	1	0.049	0.54581129550934	-1.6735202074051	0.50195497274399	-2.5889477729797	0.58453613519669	-0.84326255321503	120	127	
34	1	1	0.052	0.5496791601181	-1.6739801168442	0.50193524360657	-2.5888204574585	0.58513587713242	-0.84405946731567	120	127	
34	1	1	0.048	0.55357277393341	-1.674332857132	0.50197690725327	-2.588630437851	0.58558738231659	-0.8447477221489	120	127	
34	1	1	0.05	0.55747127532959	-1.6745690107346	0.50195533037186	-2.5881881713867	0.58570301532745	-0.8451846241951	120	126	
34	1	1	0.05	0.56136780977249	-1.6746956110001	0.50199538469315	-2.5878670215607	0.58584433794022	-0.84564292430878	120	126	
34	1	1	0.05	0.56525582075119	-1.6747162342072	0.50197237730026	-2.58771276474	0.58607333898544	-0.84616553783417	120	126	
34	1	1	0.05	0.56912100315094	-1.6746238470078	0.50201100111008	-2.5873382091522	0.58603936433792	-0.84649246931076	121	126	
34	1	1	0.05	0.57677853107452	-1.6741174459457	0.50202399492264	-2.5856311321259	0.58655512332916	-0.84758442640305	121	125	
34	1	1	0.051	0.58055245876312	-1.6737382411957	0.50199860334396	-2.5853116512299	0.58695691823959	-0.84823554754257	121	125	
34	1	1	0.049	0.58426237106323	-1.6732784509659	0.50203514099121	-2.5850281715393	0.58690899610519	-0.84854853153229	121	124	
34	1	1	0.048	0.59148246049881	-1.6721297502518	0.50204467773438	-2.5851180553436	0.58680683374405	-0.8491547703743	121	124	
34	1	1	0.053	0.59498530626297	-1.6714282035828	0.50201743841171	-2.585013628006	0.58656978607178	-0.84931439161301	121	124	
34	1	1	0.05	0.60836416482925	-1.6677976846695	0.50203055143356	-2.5840227603912	0.58532947301865	-0.84969985485077	121	123	
34	1	1	0.05	0.61158984899521	-1.6667219400406	0.50206458568573	-2.5841834545135	0.58543944358826	-0.8501011133194	121	123	
34	1	1	0.05	0.6147626042366	-1.6655699014664	0.50203585624695	-2.5841414928436	0.58536416292191	-0.85035711526871	120	123	
34	1	1	0.05	0.61787450313568	-1.664338350296	0.50206941366196	-2.5842728614807	0.58477050065994	-0.85021942853928	120	123	
34	1	1	0.05	0.62093645334244	-1.6630268096924	0.50204032659531	-2.5845494270325	0.58398085832596	-0.84992599487305	120	123	
34	1	1	0.05	0.62699693441391	-1.6601499319077	0.50204420089722	-2.5843040943146	0.583143055439	-0.84988254308701	120	123	
34	1	1	0.05	0.63001865148544	-1.6585892438889	0.50207722187042	-2.5839438438416	0.58299714326859	-0.85005897283554	119	123	
34	1	1	0.05	0.63303470611572	-1.6569579839706	0.50204765796661	-2.5839800834656	0.58265346288681	-0.85008043050766	119	122	
34	1	1	0.05	0.64515650272369	-1.6496305465698	0.50205332040787	-2.5852036476135	0.58327978849411	-0.85159635543823	119	121	
34	1	1	0.05	0.64816600084305	-1.6475213766098	0.5020854473114	-2.5848340988159	0.58331137895584	-0.85186737775803	119	120	
34	1	1	0.05	0.65114986896515	-1.6452947854996	0.50205498933792	-2.5845875740051	0.58342796564102	-0.85219246149063	119	120	
34	1	1	0.051	0.65410244464874	-1.6429526805878	0.50208675861359	-2.5844428539276	0.58358198404312	-0.85253965854645	120	120	
34	1	1	0.05	0.65988647937775	-1.6379102468491	0.50208741426468	-2.5827603340149	0.58403503894806	-0.85332298278809	120	120	
34	1	1	0.05	0.66269612312317	-1.6352388858795	0.50205636024475	-2.5820300579071	0.58400613069534	-0.85351175069809	120	120	
34	1	1	0.053	0.66544288396835	-1.6324923038483	0.50208777189255	-2.5815935134888	0.5837749838829	-0.85353899002075	121	120	
34	1	1	0.047	0.66813468933105	-1.6296800374985	0.50205677747726	-2.5810062885284	0.58378863334656	-0.85373985767365	121	120	
34	1	1	0.05	0.67077046632767	-1.6268135309219	0.50208842754364	-2.5803081989288	0.5839227437973	-0.85402888059616	121	120	
34	1	1	0.05	0.67334222793579	-1.6239082813263	0.50205755233765	-2.5799379348755	0.58390784263611	-0.85419374704361	121	120	
34	1	1	0.05	0.67584574222565	-1.6209734678268	0.50208932161331	-2.5798072814941	0.58369487524033	-0.85420078039169	121	120	
34	1	1	0.05	0.67828494310379	-1.6180132627487	0.50205850601196	-2.5798454284668	0.58342921733856	-0.85415798425674	121	120	
34	1	1	0.05	0.68066513538361	-1.6150275468826	0.50209027528763	-2.5798981189728	0.58313035964966	-0.8540832400322	121	120	
34	1	1	0.05	0.68299400806427	-1.6120163202286	0.50205957889557	-2.5799729824066	0.5828862786293	-0.85404080152512	121	120	
34	1	1	0.05	0.68527716398239	-1.6089780330658	0.50209146738052	-2.580001115799	0.58265018463135	-0.85399788618088	121	120	
34	1	1	0.05	0.68752080202103	-1.6059128046036	0.5020609498024	-2.580039024353	0.58247411251068	-0.85398977994919	121	120	
34	1	1	0.05	0.6897286772728	-1.6028189659119	0.502092897892	-2.5800368785858	0.582295358181	-0.85397505760193	121	120	
34	1	1	0.05	0.69190496206284	-1.5996973514557	0.50206243991852	-2.5800538063049	0.58216512203217	-0.85398727655411	121	120	
34	1	1	0.05	0.69405227899551	-1.5965470075607	0.50209444761276	-2.5800397396088	0.58202415704727	-0.85398453474045	122	120	
34	1	1	0.05	0.6961777806282	-1.5933655500412	0.50206404924393	-2.5796582698822	0.58220452070236	-0.8542155623436	122	119	
34	1	1	0.05	0.69828063249588	-1.5901626348495	0.50209611654282	-2.5793743133545	0.58280581235886	-0.85476011037827	122	119	
34	1	1	0.05	0.70034211874008	-1.5869424343109	0.50206571817398	-2.5795288085938	0.5833740234375	-0.85527056455612	122	118	
34	1	1	0.051	0.70234167575836	-1.5836963653564	0.50209772586823	-2.5799562931061	0.58375722169876	-0.85563313961029	122	118	
34	1	1	0.049	0.70426595211029	-1.5804090499878	0.50206708908081	-2.5804586410522	0.58397454023361	-0.85586047172546	122	118	
34	1	1	0.052	0.70610213279724	-1.5770587921143	0.50209879875183	-2.5806200504303	0.58380252122879	-0.85578900575638	122	117	
34	1	1	0.048	0.70785641670227	-1.5736447572708	0.50206786394119	-2.5808653831482	0.58373886346817	-0.85579019784927	122	117	
34	1	1	0.053	0.70953112840652	-1.5701612234116	0.50209921598434	-2.5811443328857	0.58375722169876	-0.85584753751755	122	117	
34	1	1	0.054	0.71263384819031	-1.5629500150681	0.50209909677505	-2.5810930728912	0.58334225416183	-0.85560256242752	122	117	
34	1	1	0.046	0.7140708565712	-1.5592235326767	0.50206768512726	-2.5809319019318	0.58305013179779	-0.85540527105331	122	117	
34	1	1	0.05	0.71544283628464	-1.5554249286652	0.50209867954254	-2.5807659626007	0.58277189731598	-0.85521411895752	122	117	
34	1	1	0.05	0.71675872802734	-1.551561832428	0.5020672082901	-2.5806713104248	0.5825788974762	-0.8550785779953	122	117	
34	1	1	0.05	0.71802395582199	-1.5476386547089	0.50209826231003	-2.5805816650391	0.5824026465416	-0.85495108366013	122	116	
34	1	1	0.05	0.71924841403961	-1.5436646938324	0.50206696987152	-2.5808260440826	0.58256155252457	-0.85506814718246	122	116	
34	1	1	0.05	0.72042846679688	-1.5396337509155	0.50209826231003	-2.5811774730682	0.58283197879791	-0.85526496171951	122	115	
34	1	1	0.05	0.72155785560608	-1.5355360507965	0.50206702947617	-2.5816006660461	0.58318245410919	-0.85551387071609	122	115	
34	1	1	0.05	0.72262448072433	-1.5313550233841	0.50209832191467	-2.5819067955017	0.58342635631561	-0.85567897558212	122	114	
34	1	1	0.051	0.72362196445465	-1.5270818471909	0.50206691026688	-2.5822010040283	0.58366733789444	-0.8558344244957	122	114	
34	1	1	0.049	0.72454178333282	-1.5227049589157	0.50209784507751	-2.5823929309845	0.58381450176239	-0.85591548681259	122	114	
34	1	1	0.05	0.72537732124329	-1.5182147026062	0.50206613540649	-2.5823245048523	0.58371776342392	-0.85580670833588	122	114	
34	1	1	0.05	0.7261289358139	-1.5136108398438	0.50209671258926	-2.5820574760437	0.58343321084976	-0.8555536866188	122	114	
34	1	1	0.05	0.72680562734604	-1.5089037418365	0.50206476449966	-2.5817947387695	0.58315831422806	-0.85530143976212	122	114	
34	1	1	0.055	0.72796952724457	-1.4992212057114	0.50206345319748	-2.5814146995544	0.58275544643402	-0.85489499568939	122	115	
34	1	1	0.05	0.73061335086823	-1.4688169956207	0.50206309556961	-2.5787928104401	0.5801784992218	-0.85254400968552	122	118	
34	1	1	0.054	0.73156958818436	-1.4586634635925	0.50206416845322	-2.5783219337463	0.57971686124802	-0.85203164815903	122	118	
34	1	1	0.046	0.73211079835892	-1.4536428451538	0.50209593772888	-2.5784077644348	0.57979398965836	-0.85200506448746	123	119	
34	1	1	0.05	0.73269838094711	-1.4486569166183	0.50206524133682	-2.5780339241028	0.58008700609207	-0.85213392972946	123	119	
34	1	1	0.05	0.73332530260086	-1.4437104463577	0.50209701061249	-2.577358007431	0.58040416240692	-0.85228210687637	123	119	
34	1	1	0.048	0.73606270551682	-1.4245231151581	0.50209897756577	-2.5770208835602	0.58176177740097	-0.8529189825058	124	120	
34	1	1	0.05	0.73812431097031	-1.4107576608658	0.50206899642944	-2.5772306919098	0.58166933059692	-0.85253989696503	124	120	
34	1	1	0.05	0.73949080705643	-1.4019145965576	0.50206965208054	-2.5782644748688	0.58187985420227	-0.852483689785	124	120	
34	1	1	0.054	0.74458652734756	-1.3676561117172	0.50207334756851	-2.5787992477417	0.58291733264923	-0.85239231586456	125	121	
34	1	1	0.054	0.74710297584534	-1.3469980955124	0.50210672616959	-2.5797491073608	0.58246546983719	-0.85151070356369	125	121	
34	1	1	0.05	0.74807095527649	-1.3388887643814	0.50210756063461	-2.580189704895	0.58260238170624	-0.851402759552	125	122	
34	1	1	0.048	0.7504557967186	-1.3187857866287	0.50207817554474	-2.5802342891693	0.58221423625946	-0.85060626268387	125	122	
34	1	1	0.053	0.75096595287323	-1.3148232698441	0.50210970640182	-2.5804545879364	0.58236902952194	-0.85062700510025	125	123	
34	1	1	0.05	0.75309729576111	-1.2990807294846	0.50211083889008	-2.5792324542999	0.58267259597778	-0.85048872232437	126	123	
34	1	1	0.05	0.75366407632828	-1.2952191829681	0.50207978487015	-2.5791957378387	0.583112180233	-0.85073357820511	126	123	
34	1	1	0.05	0.75422078371048	-1.2913963794708	0.50211107730865	-2.579377412796	0.58330541849136	-0.85079491138458	126	123	
34	1	1	0.05	0.75528395175934	-1.2838464975357	0.50211131572723	-2.5799634456635	0.58335173130035	-0.85066550970078	126	124	
34	1	1	0.05	0.75578600168228	-1.2801010608673	0.50208014249802	-2.5799491405487	0.58307033777237	-0.85037440061569	126	124	
34	1	1	0.05	0.75627517700195	-1.2763737440109	0.50211149454117	-2.5797426700592	0.58265280723572	-0.84998452663422	126	124	
34	1	1	0.05	0.75676816701889	-1.2726789712906	0.50208032131195	-2.5797839164734	0.58251589536667	-0.84980738162994	126	124	
34	1	1	0.05	0.7572723031044	-1.2690210342407	0.50211173295975	-2.5799958705902	0.58257257938385	-0.84977918863297	127	124	
34	1	1	0.05	0.76018804311752	-1.2476929426193	0.50211179256439	-2.5798363685608	0.5835902094841	-0.85016804933548	127	125	
34	1	1	0.05	0.76058852672577	-1.2442300319672	0.50208061933517	-2.5796616077423	0.5831213593483	-0.84975957870483	127	125	
34	1	1	0.05	0.76138734817505	-1.2374227046967	0.50208061933517	-2.5799608230591	0.58295053243637	-0.84952902793884	127	125	
34	1	1	0.05	0.76302683353424	-1.2241897583008	0.50208061933517	-2.5809080600739	0.58331966400146	-0.84963196516037	127	126	
34	1	1	0.05	0.76704204082489	-1.1955615282059	0.50211226940155	-2.581289768219	0.58320069313049	-0.84929352998734	127	126	
34	1	1	0.05	0.76753175258636	-1.1924597024918	0.50208103656769	-2.5813834667206	0.5832661986351	-0.84932589530945	127	126	
34	1	1	0.05	0.76900082826614	-1.1831533908844	0.50211250782013	-2.5804424285889	0.58300560712814	-0.84909605979919	128	127	
34	1	1	0.049	0.77001214027405	-1.1770287752151	0.50211268663406	-2.5795125961304	0.58364695310593	-0.84956860542297	128	127	
34	1	1	0.052	0.77051097154617	-1.1740343570709	0.50208139419556	-2.5796806812286	0.58383560180664	-0.84970700740814	128	127	
34	1	1	0.048	0.77099454402924	-1.171081662178	0.50211262702942	-2.5799522399902	0.58386951684952	-0.8497314453125	128	127	
34	1	1	0.05	0.77234554290771	-1.1624009609222	0.50208133459091	-2.5806787014008	0.583764731884	-0.84965747594833	128	128	
34	1	1	0.05	0.77276200056076	-1.1595417261124	0.50211256742477	-2.5805149078369	0.58342772722244	-0.84940993785858	128	128	
34	1	1	0.05	0.77316862344742	-1.1566987037659	0.50208127498627	-2.5802133083344	0.58299642801285	-0.84909290075302	128	128	
34	1	1	0.05	0.77358156442642	-1.1538881063461	0.50211256742477	-2.5801384449005	0.58280259370804	-0.84895730018616	128	128	
34	1	1	0.049	0.77445071935654	-1.1483812332153	0.50211256742477	-2.5805349349976	0.58298355340958	-0.84911733865738	129	128	
34	1	1	0.052	0.77490603923798	-1.1456707715988	0.50208127498627	-2.5803644657135	0.58339583873749	-0.84943968057632	129	128	
34	1	1	0.05	0.77661603689194	-1.1351073980331	0.50208127498627	-2.5800085067749	0.58414030075073	-0.85007280111313	129	128	
34	1	1	0.045	0.77762967348099	-1.1274695396423	0.50211250782013	-2.5798919200897	0.58319741487503	-0.84942996501923	129	129	
34	1	1	0.05	0.77859151363373	-1.1201205253601	0.50208109617233	-2.5802907943726	0.58309954404831	-0.84943050146103	129	129	
34	1	1	0.05	0.77991551160812	-1.1107177734375	0.50208109617233	-2.5808527469635	0.58326810598373	-0.84966975450516	129	129	
34	1	1	0.05	0.78024107217789	-1.1084036827087	0.50211238861084	-2.5809142589569	0.58326327800751	-0.84969657659531	129	129	
34	1	1	0.051	0.78119385242462	-1.1015067100525	0.50208127498627	-2.5811004638672	0.5833004117012	-0.849818110466	129	130	
34	1	1	0.052	0.78179788589478	-1.0969202518463	0.50208139419556	-2.5804204940796	0.5825908780098	-0.8493487238884	129	130	
34	1	1	0.048	0.78211063146591	-1.0946526527405	0.50211268663406	-2.5802595615387	0.58241194486618	-0.84924781322479	129	130	
34	1	1	0.053	0.78244340419769	-1.0924171209335	0.50208151340485	-2.5803618431091	0.58248734474182	-0.84933662414551	129	130	
34	1	1	0.047	0.78279459476471	-1.0902107954025	0.50211274623871	-2.580516576767	0.58261471986771	-0.84946644306183	129	130	
34	1	1	0.054	0.78315985202789	-1.0880284309387	0.50208151340485	-2.5806798934937	0.58275377750397	-0.84960401058197	130	130	
34	1	1	0.046	0.78353816270828	-1.0858591794968	0.50211274623871	-2.5803561210632	0.58311772346497	-0.84991127252579	130	130	
34	1	1	0.05	0.78392034769058	-1.0837054252625	0.50208151340485	-2.5798296928406	0.58363145589828	-0.85033285617828	130	130	
34	1	1	0.05	0.78428727388382	-1.0815764665604	0.50211280584335	-2.5795526504517	0.58388042449951	-0.85055643320084	130	131	
34	1	1	0.05	0.78462564945221	-1.0794736146927	0.50208151340485	-2.5792894363403	0.58365994691849	-0.85042482614517	130	131	
34	1	1	0.05	0.78493791818619	-1.077404499054	0.50211274623871	-2.5790185928345	0.58317947387695	-0.85009807348251	130	131	
34	1	1	0.05	0.78554379940033	-1.0734168291092	0.50211268663406	-2.5793013572693	0.58287918567657	-0.8499391078949	130	131	
34	1	1	0.05	0.78645926713943	-1.0677691698074	0.50208115577698	-2.5800485610962	0.58303821086884	-0.85015648603439	130	131	
34	1	1	0.05	0.78705537319183	-1.06414270401	0.50208103656769	-2.580292224884	0.583043217659	-0.8502249121666	130	131	
34	1	1	0.05	0.78846037387848	-1.0553439855576	0.50211238861084	-2.5806384086609	0.58302617073059	-0.85036957263947	130	131	
34	1	1	0.051	0.78898149728775	-1.051882982254	0.50211250782013	-2.5807173252106	0.58301949501038	-0.85042411088943	130	131	
34	1	1	0.049	0.78923231363297	-1.0501586198807	0.50208133459091	-2.5807602405548	0.58302885293961	-0.85045963525772	130	132	
34	1	1	0.05	0.78995966911316	-1.0450065135956	0.50211274623871	-2.5789222717285	0.58282512426376	-0.85039222240448	131	132	
34	1	1	0.05	0.79045057296753	-1.0417532920837	0.50211280584335	-2.5788400173187	0.58325600624084	-0.85077238082886	131	132	
34	1	1	0.05	0.79067695140839	-1.0402005910873	0.5020814538002	-2.5791165828705	0.58330273628235	-0.85083156824112	131	132	
34	1	1	0.05	0.79088592529297	-1.0386874675751	0.50211256742477	-2.5793607234955	0.58325099945068	-0.85081821680069	131	132	
34	1	1	0.051	0.79125612974167	-1.035756111145	0.50211250782013	-2.5797448158264	0.58313494920731	-0.85077834129333	131	132	
34	1	1	0.049	0.79142045974731	-1.0343281030655	0.50208127498627	-2.579897403717	0.58310669660568	-0.85077953338623	131	132	
34	1	1	0.052	0.79157215356827	-1.0329195261002	0.50211250782013	-2.5800006389618	0.5830625295639	-0.85076916217804	131	133	
34	1	1	0.053	0.79183685779572	-1.0301457643509	0.50211250782013	-2.5794765949249	0.5823450088501	-0.85027289390564	131	133	
34	1	1	0.054	0.79212123155594	-1.0274984836578	0.50211244821548	-2.5795056819916	0.58221000432968	-0.85021048784256	131	133	
34	1	1	0.046	0.79228496551514	-1.0262342691422	0.50208115577698	-2.5797169208527	0.58234578371048	-0.85033106803894	131	133	
34	1	1	0.05	0.79245859384537	-1.0250014066696	0.50211238861084	-2.5798783302307	0.58244204521179	-0.85042172670364	131	133	
34	1	1	0.055	0.79300796985626	-1.0214389562607	0.50208103656769	-2.5801758766174	0.58259844779968	-0.85058742761612	131	133	
34	1	1	0.051	0.79338151216507	-1.0191457271576	0.50208109617233	-2.580290555954	0.58264935016632	-0.85065454244614	131	133	
34	1	1	0.049	0.79356724023819	-1.0180172920227	0.50211238861084	-2.5803256034851	0.58265924453735	-0.85067611932755	131	133	
34	1	1	0.05	0.79375165700912	-1.0168988704681	0.50208115577698	-2.5803823471069	0.58269381523132	-0.85071349143982	131	133	
34	1	1	0.05	0.79393327236176	-1.015788435936	0.50211250782013	-2.5804052352905	0.58269745111465	-0.85072886943817	131	133	
34	1	1	0.05	0.79462343454361	-1.011407494545	0.50211274623871	-2.5805053710938	0.58274418115616	-0.85080432891846	131	134	
34	1	1	0.05	0.79478079080582	-1.0103180408478	0.50208151340485	-2.5802450180054	0.58248871564865	-0.85061949491501	132	134	
34	1	1	0.05	0.79493933916092	-1.0092314481735	0.50211280584335	-2.579416513443	0.58237957954407	-0.85054457187653	132	134	
34	1	1	0.05	0.79510754346848	-1.0081709623337	0.50208157300949	-2.5786738395691	0.58269309997559	-0.85078799724579	132	134	
34	1	1	0.05	0.79527550935745	-1.0071581602097	0.502112865448	-2.5784194469452	0.58296900987625	-0.85100418329239	132	134	
34	1	1	0.052	0.79543387889862	-1.0061995983124	0.50208163261414	-2.5785613059998	0.58313846588135	-0.85113686323166	132	134	
34	1	1	0.048	0.7955756187439	-1.0052907466888	0.50211274623871	-2.5788102149963	0.5831561088562	-0.85115551948547	132	134	
34	1	1	0.05	0.79569971561432	-1.0044246912003	0.5020814538002	-2.579089641571	0.58313077688217	-0.85113847255707	132	134	
34	1	1	0.05	0.79589760303497	-1.0027945041656	0.50208133459091	-2.5794897079468	0.58301830291748	-0.85105866193771	132	134	
34	1	1	0.05	0.79597508907318	-1.0020213127136	0.50211250782013	-2.5796225070953	0.58296573162079	-0.85102206468582	132	134	
34	1	1	0.05	0.79604017734528	-1.0012712478638	0.50208127498627	-2.5797603130341	0.58295315504074	-0.85101264715195	132	134	
34	1	1	0.05	0.79620099067688	-0.99846208095551	0.50208133459091	-2.5792355537415	0.58206403255463	-0.8503435254097	132	135	
34	1	1	0.05	0.79625415802002	-0.99784117937088	0.50211256742477	-2.5793409347534	0.58209657669067	-0.85036742687225	132	135	
34	1	1	0.053	0.79632222652435	-0.99726098775864	0.50208121538162	-2.5795519351959	0.58223974704742	-0.85047221183777	132	135	
34	1	1	0.047	0.79640084505081	-0.99671429395676	0.50211244821548	-2.5797140598297	0.58234304189682	-0.85054820775986	132	135	
34	1	1	0.05	0.79648679494858	-0.99619561433792	0.50208115577698	-2.5798556804657	0.58243530988693	-0.85061365365982	132	135	
34	1	1	0.05	0.7965766787529	-0.99569988250732	0.50211238861084	-2.5799324512482	0.58247125148773	-0.85063791275024	132	135	
34	1	1	0.049	0.79695439338684	-0.99389988183975	0.50211244821548	-2.5801784992218	0.58260321617126	-0.8507182598114	132	135	
34	1	1	0.052	0.79704856872559	-0.99348640441895	0.50208121538162	-2.5802395343781	0.58264416456223	-0.85074257850647	132	135	
34	1	1	0.048	0.7971408367157	-0.99308413267136	0.50211250782013	-2.5802667140961	0.58265393972397	-0.85074484348297	132	135	
34	1	1	0.046	0.79748076200485	-0.99156725406647	0.50211274623871	-2.5803880691528	0.58272618055344	-0.85076981782913	133	135	
34	1	1	0.054	0.79763174057007	-0.99084812402725	0.50211280584335	-2.5794699192047	0.58345693349838	-0.85130554437637	133	135	
34	1	1	0.05	0.79768222570419	-0.98992151021957	0.50208163261414	-2.5793263912201	0.58364707231522	-0.85142260789871	133	135	
34	1	1	0.05	0.79763394594193	-0.98966521024704	0.502112865448	-2.579487323761	0.58352345228195	-0.85132050514221	133	136	
34	1	1	0.052	0.79745131731033	-0.98921096324921	0.50211274623871	-2.5790781974792	0.58266514539719	-0.85065490007401	133	136	
34	1	1	0.048	0.79734420776367	-0.98903381824493	0.50208151340485	-2.5790367126465	0.58245772123337	-0.8504872918129	133	136	
34	1	1	0.05	0.79714524745941	-0.98881381750107	0.5020814538002	-2.5794053077698	0.58255690336227	-0.85054081678391	133	136	
34	1	1	0.05	0.796766102314	-0.98877137899399	0.50208127498627	-2.5799355506897	0.58274227380753	-0.85063832998276	133	136	
34	1	1	0.05	0.79656285047531	-0.98888516426086	0.50208133459091	-2.5800793170929	0.58277708292007	-0.85064268112183	133	136	
34	1	1	0.05	0.79645586013794	-0.98896813392639	0.50211262702942	-2.5801274776459	0.58278226852417	-0.85063600540161	133	136	
34	1	1	0.05	0.79634523391724	-0.98906660079956	0.50208139419556	-2.5801961421967	0.58281356096268	-0.85064792633057	133	136	
34	1	1	0.05	0.79598134756088	-0.98944300413132	0.50211274623871	-2.5807201862335	0.58254534006119	-0.85041570663452	132	136	
34	1	1	0.051	0.79556411504745	-0.98997485637665	0.50211280584335	-2.5816433429718	0.58198803663254	-0.84995079040527	132	136	
34	1	1	0.049	0.79551428556442	-0.9900735616684	0.50208157300949	-2.581506729126	0.58213645219803	-0.85005170106888	132	136	
